1.972821867017016118e-02 2.505605642832994459e-02 3.781000000000000227e+01
7.219014391817758780e-02 4.074022726849458448e-05 4.164999999999999858e+01
7.203788831210278243e-02 9.131436406739937986e-06 4.214999999999999858e+01
1.008588342347705932e-02 3.909913137428263318e-03 3.914000000000000057e+01
2.508519213447455917e-02 4.766499085211119147e-02 3.332999999999999829e+01
4.313278547620084252e-02 2.539938721954153669e-02 3.740999999999999659e+01
2.639072829034043444e-02 7.251016900544557918e-05 4.372999999999999687e+01
1.981815167953285273e-02 1.835059438516720300e-05 4.328000000000000114e+01
2.557926181428629014e-02 1.594055631338093387e-03 4.335000000000000142e+01
9.416750138739672649e-02 7.009920836192343662e-04 4.157999999999999829e+01
7.885817412442756857e-02 2.897687344726860881e-05 4.050999999999999801e+01
3.067752025954861850e-02 1.256261168586855663e-06 4.390999999999999659e+01
3.655312091189782953e-02 3.241555202819528230e-03 4.400000000000000000e+01
1.204878621328643942e-02 1.603899328939747612e-03 4.070000000000000284e+01
1.563223291116513577e-02 1.058544431845011791e-05 4.264999999999999858e+01
1.285395567295421690e-02 4.215739504580464519e-05 4.122999999999999687e+01
8.162659429196947314e-02 5.839412127499887806e-04 4.124000000000000199e+01
3.152831454108589310e-02 1.388102078866709386e-03 4.413000000000000256e+01
5.499377699143307568e-02 1.336491683238286080e-06 4.254999999999999716e+01
1.037429788123379881e-02 1.051455824904688361e-03 4.006000000000000227e+01
1.641244365819727671e-02 9.170736393017414265e-03 4.082000000000000028e+01
7.205692838451964455e-02 1.652043379362978543e-06 4.161999999999999744e+01
1.507576956531665908e-02 6.820255382758338481e-05 4.229999999999999716e+01
8.873387294348777932e-02 5.091982985521209992e-05 4.011999999999999744e+01
2.598049454088501020e-02 1.579635175212166370e-02 3.986999999999999744e+01
7.245720188589727107e-02 2.350839905742519906e-04 4.250000000000000000e+01
3.375776754918092398e-02 4.400763995544054730e-02 3.385000000000000142e+01
2.086337941579037569e-02 5.910446900347882010e-06 4.370000000000000284e+01
2.273019414067246891e-02 6.185058736100838959e-06 4.328000000000000114e+01
1.702893705381492220e-02 4.424179984779390176e-04 4.299000000000000199e+01
5.335721648230919850e-02 1.730819812086657826e-04 4.254999999999999716e+01
1.449218593862157053e-02 7.472906307327582950e-04 4.229999999999999716e+01
4.067836600945102382e-02 2.900952015202888052e-05 4.310000000000000142e+01
1.747451090246733910e-02 4.109123628293652464e-02 3.410000000000000142e+01
4.512732947955952478e-02 7.919153711792089202e-04 4.317999999999999972e+01
3.011533499892390595e-02 1.142476039642634136e-04 4.346999999999999886e+01
1.811314038845488611e-02 3.029713326209182455e-04 4.299000000000000199e+01
5.458058369946505034e-02 3.280608465382154758e-05 4.271000000000000085e+01
1.494442639559398663e-02 6.305273973927067593e-03 4.118999999999999773e+01
3.041036468809759155e-02 8.705136430854480689e-02 2.623999999999999844e+01
8.216859399643379469e-02 4.701139777872570535e-02 3.037000000000000099e+01
2.636837931204302418e-02 5.589824212738308921e-04 4.364000000000000057e+01
2.588099316957243740e-02 1.448832605112035940e-04 4.328999999999999915e+01
2.071196932145903669e-02 3.757634126680810629e-04 4.363000000000000256e+01
6.660518595663678099e-02 1.214316638816256193e-03 4.182000000000000028e+01
4.655815154518227333e-02 7.495816348354267722e-04 4.314000000000000057e+01
5.394874566429499335e-02 6.410481117467496659e-03 4.296999999999999886e+01
5.400201304863429252e-02 2.075902458391387694e-04 4.167000000000000171e+01
1.100705317205169162e-02 9.796514990489857758e-03 3.885000000000000142e+01
7.886303344139093674e-02 3.372399357420247101e-02 3.232999999999999829e+01
3.912284269895451028e-02 3.154123075405310117e-02 3.593999999999999773e+01
1.026954287988968498e-02 4.006370292556693454e-06 3.999000000000000199e+01
3.471424197801557809e-02 2.524444901482975707e-05 4.304999999999999716e+01
3.788994660586719049e-02 1.634509773359749422e-03 4.365999999999999659e+01
7.459824697049695363e-02 2.504750395433608307e-04 4.132999999999999829e+01
1.823811155141900897e-02 6.426970444703056012e-04 4.271999999999999886e+01
3.978877584535468054e-02 3.292226247907105961e-04 4.345000000000000284e+01
1.764463806883332514e-02 7.575325006908804198e-03 4.154999999999999716e+01
6.114959931375208574e-02 1.926271316498668679e-05 4.096999999999999886e+01
4.533039442241552225e-02 2.046032586623790109e-05 4.311999999999999744e+01
6.858706113505455559e-02 9.734325031887292772e-04 4.204999999999999716e+01
1.800123524394424065e-02 5.894498040929554636e-03 4.192000000000000171e+01
2.097684300158525819e-02 6.519779865248093349e-05 4.356000000000000227e+01
8.525764507219310562e-02 1.403626914102992520e-05 4.060000000000000142e+01
2.542848844124489735e-02 7.858735603067021810e-06 4.346000000000000085e+01
6.353618821403154981e-02 9.384143468543552219e-03 4.175999999999999801e+01
4.010817106463823722e-02 2.303385470013924737e-05 4.346000000000000085e+01
2.534429551475420386e-02 3.009907643625946497e-02 3.675000000000000000e+01
3.149553122479795131e-02 4.515054742453163128e-02 3.360000000000000142e+01
2.959052348829971715e-02 4.602641067315574943e-05 4.367999999999999972e+01
1.548262568126401381e-02 2.646489080293907767e-02 3.684000000000000341e+01
6.038446591105139927e-02 1.469939508602815105e-04 4.142000000000000171e+01
3.323194940558799049e-02 9.551962487077313158e-03 4.221999999999999886e+01
1.233616086341392248e-02 1.428819089948139387e-04 4.124000000000000199e+01
1.710865022438726873e-02 3.999150734216107733e-05 4.292999999999999972e+01
1.490431595816673650e-02 1.230429267298895372e-03 4.197999999999999687e+01
8.287841426978288795e-02 2.415985526898946372e-06 4.092999999999999972e+01
8.757547695297580870e-02 1.683580533009701268e-05 4.057999999999999829e+01
4.113917948825895898e-02 4.502941296451922143e-04 4.382999999999999829e+01
8.306438566502503951e-02 6.483269891945256380e-02 2.766000000000000014e+01
8.202400497853357120e-02 1.596323974075289365e-02 3.802000000000000313e+01
1.820545865351283488e-02 1.687104192701285735e-04 4.299000000000000199e+01
5.121409037775307566e-02 1.839318636595790174e-02 3.892000000000000171e+01
3.884082001264234363e-02 3.728023436641543032e-04 4.370000000000000284e+01
2.481897699175306810e-02 4.162229655401848694e-02 3.449000000000000199e+01
9.163506703748140747e-02 2.989108177594042640e-02 3.242999999999999972e+01
1.165213476089826429e-02 5.581360362251425872e-02 3.005000000000000071e+01
8.605880628807960342e-02 2.596139325534636187e-05 4.074000000000000199e+01
2.740130551641670534e-02 2.094453058333943171e-02 3.824000000000000199e+01
1.615537635629133578e-02 3.308687044607008451e-03 4.209000000000000341e+01
3.022711633943009346e-02 1.776925431461177278e-03 4.375000000000000000e+01
4.218608165584503134e-02 2.233241037522557069e-03 4.407999999999999829e+01
1.680055013466439165e-02 9.414398585612261672e-02 2.430999999999999872e+01
2.769969645045815970e-02 6.756347572549558332e-03 4.272999999999999687e+01
4.936594443623280870e-02 2.053944695765165992e-05 4.211999999999999744e+01
1.290469253397945326e-02 1.581233055571483427e-03 4.111999999999999744e+01
7.464709862736508550e-02 2.406040136004662315e-06 4.214000000000000057e+01
1.841776231351219262e-02 7.325539699083733134e-06 4.325000000000000000e+01
5.567638212167833056e-02 4.304517565346836772e-02 3.335000000000000142e+01
1.495173487012089152e-02 3.883796126182009287e-06 4.243999999999999773e+01
