2.356196656169602319e-02 6.402253196869473091e-03 4.450000000000000000e+01
2.985617852244007095e-02 5.262294070165279662e-03 4.507000000000000028e+01
6.475451818415324523e-02 8.359919918306443418e-03 4.520000000000000284e+01
6.829642721441046838e-02 2.788564171323190764e-03 4.575000000000000000e+01
2.444945059379485114e-02 3.623319726766028714e-03 4.471000000000000085e+01
1.653057791183666983e-02 1.167910220145701667e-03 4.436999999999999744e+01
1.857911787814959040e-02 3.806794757363905161e-03 4.440999999999999659e+01
4.047268236145520198e-02 1.666408560772064933e-03 4.552000000000000313e+01
8.373252954848305063e-02 6.746555996789983453e-03 4.575999999999999801e+01
1.109934600171041605e-02 2.290005000384747261e-03 4.327000000000000313e+01
2.350159511630851503e-02 6.856319544672260895e-03 4.456000000000000227e+01
2.135578238325192349e-02 1.062323357466178836e-03 4.506000000000000227e+01
1.773569836472785669e-02 9.593913374711972308e-03 4.290999999999999659e+01
3.330815743581143351e-02 1.243781581840211871e-03 4.496999999999999886e+01
4.115271938964239901e-02 1.275100641477481091e-03 4.514999999999999858e+01
1.680569461916015667e-02 4.494122388201102040e-03 4.402000000000000313e+01
5.536166292305001735e-02 3.865474431169126698e-03 4.610000000000000142e+01
4.238110265284419920e-02 3.507072588372296164e-03 4.559000000000000341e+01
6.206422615737035992e-02 1.091173831342036197e-03 4.399000000000000199e+01
2.297895421620719733e-02 9.121067385682643872e-03 4.356000000000000227e+01
5.602463349904431011e-02 3.088848834499616051e-03 4.617000000000000171e+01
1.446724898968601916e-02 7.482439895991769944e-03 4.313000000000000256e+01
1.930834177616592637e-02 2.048303836982179327e-03 4.475000000000000000e+01
3.321577173928352139e-02 9.476279424237824336e-03 4.404999999999999716e+01
5.343341044862750383e-02 2.260892510172296792e-03 4.553000000000000114e+01
1.565977595197763986e-02 1.646429735295223181e-03 4.395000000000000284e+01
2.981967324241769496e-02 4.105887854998167656e-03 4.546000000000000085e+01
3.827876418419751819e-02 4.652238111565073532e-03 4.575000000000000000e+01
1.093124623469084351e-02 8.448770282518855076e-03 4.175000000000000000e+01
3.388303784961276682e-02 3.497282041160306495e-03 4.572999999999999687e+01
1.645867930592601752e-02 8.467934363876833057e-03 4.329999999999999716e+01
8.337342099721574418e-02 1.760238005615927118e-03 4.477000000000000313e+01
4.188545940476118973e-02 5.704073511386384236e-03 4.546999999999999886e+01
7.716536273889380848e-02 2.202035302259360526e-03 4.535999999999999943e+01
6.784076549732943884e-02 3.003239750615773092e-03 4.600000000000000000e+01
6.680460595916321020e-02 6.959405711078886850e-03 4.586999999999999744e+01
8.412490501602296056e-02 2.620036321987215169e-03 4.660999999999999943e+01
4.883894737211572773e-02 2.344039769393160746e-03 4.599000000000000199e+01
8.887150746415625746e-02 5.979230885810904970e-03 4.610000000000000142e+01
2.964915439209644954e-02 8.551476389750217039e-03 4.440999999999999659e+01
3.072316893500023904e-02 3.118484493230367065e-03 4.556000000000000227e+01
2.775089487165342816e-02 1.002370575060043461e-03 4.521000000000000085e+01
1.156926702692804079e-02 1.469896791137553305e-03 4.335999999999999943e+01
6.162774537677193076e-02 1.909686139409645786e-03 4.478999999999999915e+01
3.812682196327658868e-02 5.406622859846501976e-03 4.547999999999999687e+01
1.193880816874399835e-02 1.052623195954697274e-03 4.353000000000000114e+01
4.745025145151673257e-02 1.708239440648063245e-03 4.518999999999999773e+01
1.127697073341722526e-02 1.550212780799066492e-03 4.320000000000000284e+01
1.038062439609988875e-02 1.227880428283566585e-03 4.307000000000000028e+01
9.662587327800579995e-02 1.044931926098127684e-03 4.464000000000000057e+01
1.742408728361665923e-02 3.388053730310496350e-03 4.443999999999999773e+01
2.429662783121348466e-02 2.166381888234800157e-03 4.454999999999999716e+01
2.496242332952070681e-02 1.897137069024490462e-03 4.414999999999999858e+01
3.340692858030279433e-02 5.152173637312256263e-03 4.546999999999999886e+01
2.215774419892107411e-02 9.816265967113046997e-03 4.356000000000000227e+01
2.807707491156087240e-02 6.655530057054883167e-03 4.484000000000000341e+01
8.107353723483620711e-02 1.415372701072363602e-03 4.415999999999999659e+01
2.326934487115432659e-02 2.882405748670088374e-03 4.497999999999999687e+01
2.220315334561402329e-02 3.140024018760944561e-03 4.507000000000000028e+01
5.349528625801989318e-02 6.228907274163753005e-03 4.584000000000000341e+01
5.682529850656944936e-02 1.200539696510915383e-03 4.484000000000000341e+01
1.417623661729929506e-02 7.057545078415163389e-03 4.279999999999999716e+01
1.685122656895510912e-02 9.523907736813391409e-03 4.320000000000000284e+01
5.229930860121148606e-02 1.564556578706935821e-03 4.534000000000000341e+01
3.720890980505824758e-02 3.344365535660982335e-03 4.592999999999999972e+01
2.684740308179371648e-02 8.008331728935337915e-03 4.429999999999999716e+01
1.391297605967172293e-02 4.348397199409899556e-03 4.384000000000000341e+01
1.560549202782558070e-02 3.280684560004486217e-03 4.415999999999999659e+01
1.163456731320019512e-02 1.327762626370944821e-03 4.339000000000000057e+01
1.776450389104329564e-02 2.396714362092218064e-03 4.456000000000000227e+01
2.103436015746545235e-02 4.153204158761379661e-03 4.474000000000000199e+01
7.306282234980603085e-02 4.616356100782508486e-03 4.642999999999999972e+01
7.272719874357759517e-02 9.088795540172146803e-03 4.499000000000000199e+01
6.159854229983868779e-02 3.517855927693916331e-03 4.617000000000000171e+01
6.297298565386426350e-02 5.593786950482597040e-03 4.590999999999999659e+01
5.024831556812112826e-02 5.208555687529695631e-03 4.579999999999999716e+01
5.440787798570954903e-02 1.918869516100920594e-03 4.546999999999999886e+01
2.294190571098217099e-02 7.786656070683193979e-03 4.389999999999999858e+01
2.294854274850799403e-02 1.201948762028055883e-03 4.482000000000000028e+01
4.958994695124304547e-02 2.008683954538839286e-03 4.567999999999999972e+01
2.163345425621246432e-02 1.029650710574239432e-03 4.520000000000000284e+01
1.493466951079851050e-02 1.665472050203396868e-03 4.446999999999999886e+01
5.548832689654847189e-02 4.984545856689068591e-03 4.635000000000000142e+01
1.278987655484679041e-02 8.936554335135144661e-03 4.277000000000000313e+01
2.823193391403419281e-02 1.624956960050420772e-03 4.520000000000000284e+01
1.365360456657862924e-02 7.676931436163480019e-03 4.284000000000000341e+01
5.742229536491369468e-02 6.112477503003812922e-03 4.590999999999999659e+01
7.745182888649425335e-02 4.144727240681157256e-03 4.624000000000000199e+01
1.224987899716413996e-02 3.152921706134940386e-03 4.331000000000000227e+01
3.168665993304236456e-02 6.653004885294723503e-03 4.520000000000000284e+01
4.512565034539414016e-02 2.369364266809718522e-03 4.524000000000000199e+01
1.048284563653178320e-02 3.914321642870781902e-03 4.278000000000000114e+01
2.872554530668692055e-02 1.170868919871635716e-03 4.471000000000000085e+01
1.082516055443239616e-02 3.370888012850067634e-03 4.292000000000000171e+01
1.257100183392487538e-02 1.159267884017560609e-03 4.367000000000000171e+01
1.678175442106620910e-02 1.082812418446738251e-03 4.414999999999999858e+01
1.147852509076637689e-02 2.016141498787137401e-03 4.318999999999999773e+01
2.937147030507846618e-02 5.059275985166779982e-03 4.567000000000000171e+01
1.000637323749871931e-02 1.125465374884209368e-03 4.310000000000000142e+01
2.105830435438367162e-02 1.996030393145440882e-03 4.489999999999999858e+01
