1.026487490113944898e-04 9.859999999999999432e+00
1.352278022651833478e-04 1.016999999999999993e+01
1.373128439395370989e-04 1.017999999999999972e+01
1.652299196492111946e-04 1.024000000000000021e+01
1.446048856550893327e-04 1.024000000000000021e+01
1.634033028490185213e-04 1.027999999999999936e+01
1.751350950626180789e-04 1.027999999999999936e+01
1.810421508743770302e-04 1.030000000000000071e+01
2.113186040839708864e-04 1.032000000000000028e+01
2.221917179029226296e-04 1.041000000000000014e+01
2.189223144836920467e-04 1.041000000000000014e+01
2.935752082170784197e-04 1.143999999999999950e+01
3.083943530932287840e-04 1.172000000000000064e+01
3.255868248080355065e-04 1.218999999999999950e+01
3.564385918443638192e-04 1.275000000000000000e+01
3.628147124026361633e-04 1.309999999999999964e+01
4.090282157797621421e-04 1.408999999999999986e+01
4.237669288000716922e-04 1.443999999999999950e+01
4.380027531675945336e-04 1.482000000000000028e+01
4.382035026557966166e-04 1.484999999999999964e+01
4.401042634738272551e-04 1.488000000000000078e+01
5.059934627823459109e-04 1.542999999999999972e+01
5.206799412021389248e-04 1.564000000000000057e+01
1.208471523320823983e-03 1.617000000000000171e+01
1.274461401810380711e-03 1.626999999999999957e+01
7.486097926978435785e-04 1.632000000000000028e+01
1.286093926319006832e-03 1.639000000000000057e+01
1.284884279402007416e-03 1.639999999999999858e+01
1.009034999275772821e-03 1.644000000000000128e+01
1.004252634240074488e-03 1.646000000000000085e+01
7.767579233309406667e-04 1.653000000000000114e+01
8.517821879466632622e-04 1.682000000000000028e+01
1.363034834241106264e-03 1.687999999999999901e+01
9.060528780583352064e-04 1.691000000000000014e+01
8.771061046576008376e-04 1.696000000000000085e+01
1.388273136118400820e-03 1.716000000000000014e+01
1.903042354136609115e-03 2.135000000000000142e+01
1.923702519509696337e-03 2.153000000000000114e+01
1.927603519952996846e-03 2.155999999999999872e+01
2.147140457518828451e-03 2.269000000000000128e+01
2.245478533999346448e-03 2.287999999999999901e+01
2.257773906074062378e-03 2.291000000000000014e+01
2.445990373112163010e-03 2.342999999999999972e+01
2.558404802605696981e-03 2.371000000000000085e+01
2.700182808895210118e-03 2.426000000000000156e+01
2.842115646052836755e-03 2.482999999999999829e+01
3.075196019668831760e-03 2.562000000000000099e+01
3.474525690766409793e-03 2.744000000000000128e+01
4.575158083038222308e-03 3.112000000000000099e+01
5.442924175973038250e-03 3.407000000000000028e+01
5.462749795788012126e-03 3.411999999999999744e+01
5.980379915732497720e-03 3.507999999999999829e+01
6.524711111756290732e-03 3.599000000000000199e+01
6.644008759853889737e-03 3.617999999999999972e+01
6.889661561219059989e-03 3.647999999999999687e+01
6.929399290669195459e-03 3.659000000000000341e+01
7.182024921159946458e-03 3.690999999999999659e+01
7.972908440087345810e-03 3.809000000000000341e+01
8.477035364184410879e-03 3.867999999999999972e+01
9.676648796035356923e-03 3.939000000000000057e+01
7.499341421342575753e-02 3.950999999999999801e+01
1.069446834740017671e-02 4.032000000000000028e+01
7.406028919225261797e-02 4.052000000000000313e+01
1.068650416392234390e-02 4.053000000000000114e+01
9.186687662743725502e-02 4.060999999999999943e+01
6.671520515773649018e-02 4.064999999999999858e+01
1.130500249202464474e-02 4.070000000000000284e+01
6.904015232108715039e-02 4.075000000000000000e+01
1.147607512933725149e-02 4.090999999999999659e+01
1.336445495646656004e-02 4.139000000000000057e+01
7.286037688540156210e-02 4.142000000000000171e+01
1.365670618359366394e-02 4.146000000000000085e+01
1.365769619939602442e-02 4.156000000000000227e+01
5.812462612133447587e-02 4.193999999999999773e+01
5.667063184663643366e-02 4.207000000000000028e+01
1.409035517264290403e-02 4.211999999999999744e+01
4.930401807250534008e-02 4.224000000000000199e+01
5.023511699233703526e-02 4.259000000000000341e+01
1.573979784537879109e-02 4.279999999999999716e+01
3.501145246706682812e-02 4.282999999999999829e+01
1.816858747682137398e-02 4.289000000000000057e+01
1.592721003040326738e-02 4.293999999999999773e+01
4.103498599100519062e-02 4.302000000000000313e+01
1.774537435737902694e-02 4.304999999999999716e+01
1.732589195473178967e-02 4.317000000000000171e+01
2.158073683899460610e-02 4.332000000000000028e+01
2.333754597195463951e-02 4.332999999999999829e+01
3.009827683261309325e-02 4.332999999999999829e+01
3.012147149432254853e-02 4.334000000000000341e+01
3.725420669198403756e-02 4.339999999999999858e+01
3.061813755627065814e-02 4.340999999999999659e+01
4.374560272412081341e-02 4.346999999999999886e+01
1.936558122970807524e-02 4.364999999999999858e+01
2.221894659413397102e-02 4.364999999999999858e+01
2.310072783300272034e-02 4.365999999999999659e+01
1.977524392348864110e-02 4.368999999999999773e+01
2.872270732182719000e-02 4.374000000000000199e+01
2.439977052629594204e-02 4.382999999999999829e+01
2.082324345437952876e-02 4.384000000000000341e+01
3.358021006237767864e-02 4.385000000000000142e+01
