9.551325258249873662e-02 8.383977313366930309e-05 4.089000000000000057e+01
6.672303425149508915e-02 6.433632533239316148e-05 4.114999999999999858e+01
6.268190960604642925e-02 3.137430987460359193e-05 4.142999999999999972e+01
5.991721027387997972e-02 2.488772572985918793e-04 4.153999999999999915e+01
7.487562543323093844e-02 1.494149291527256402e-06 4.157999999999999829e+01
7.280741421470748875e-02 2.099221408581608629e-05 4.159000000000000341e+01
8.283059978244201871e-02 1.830451247264104826e-06 4.164000000000000057e+01
6.605332452447371105e-02 2.087939040145269650e-05 4.175000000000000000e+01
9.188525524993182425e-02 1.510690354933263903e-04 4.178999999999999915e+01
6.678768377526256295e-02 5.819850682489888702e-06 4.181000000000000227e+01
6.838546710052616218e-02 3.543085745024622263e-06 4.185000000000000142e+01
6.561161468287553256e-02 1.083112131329591984e-04 4.227000000000000313e+01
4.845473391187196666e-02 2.893344626673688451e-05 4.232000000000000028e+01
5.121973831125696541e-02 1.196087735448208703e-05 4.242999999999999972e+01
1.043617959165601614e-02 2.097622217602447287e-03 4.252000000000000313e+01
4.848782859977007059e-02 6.531512105782780490e-05 4.257999999999999829e+01
1.088694094330515047e-02 2.388853402526723135e-03 4.270000000000000284e+01
4.255545776737953284e-02 1.181075561972109239e-05 4.286999999999999744e+01
6.466975068936095528e-02 1.486289588557102243e-06 4.292999999999999972e+01
4.092423126955371110e-02 1.722478338609037874e-06 4.300000000000000000e+01
1.352114097313904077e-02 3.975225494323939186e-03 4.307999999999999829e+01
4.106632287623442068e-02 7.730052692384625619e-06 4.310000000000000142e+01
5.077191097208350740e-02 1.098158748009812319e-05 4.331000000000000227e+01
3.831047912813609346e-02 7.198160352614691945e-05 4.340999999999999659e+01
2.479769719844911180e-02 2.775620351562433372e-04 4.353000000000000114e+01
1.373860298143810346e-02 7.251252644229772958e-04 4.356000000000000227e+01
1.289063324682271187e-02 9.701507727741845140e-04 4.360999999999999943e+01
1.560302654998199645e-02 3.150310134858859781e-04 4.363000000000000256e+01
1.581259529286791615e-02 3.407941942783066619e-05 4.378000000000000114e+01
4.852787871148799004e-02 8.610418845268745514e-03 4.390999999999999659e+01
1.514710787826132297e-02 2.967001173380807684e-04 4.392999999999999972e+01
1.606577799590811970e-02 2.148696324111461141e-05 4.393999999999999773e+01
1.607320816595896387e-02 3.375201374361769756e-04 4.396000000000000085e+01
1.796337919822663803e-02 8.180736043578096727e-04 4.403000000000000114e+01
1.757058461766088792e-02 8.321040837039392205e-05 4.410999999999999943e+01
2.451825586627759054e-02 7.564506592936440753e-04 4.417000000000000171e+01
2.314090891767984701e-02 4.536359135346832023e-06 4.417999999999999972e+01
2.236600613946150215e-02 1.859790468220091767e-04 4.438000000000000256e+01
1.973095412855321515e-02 2.410476685649802663e-06 4.439000000000000057e+01
2.372652299666640555e-02 4.920665343132035329e-05 4.439999999999999858e+01
2.052137895517205934e-02 7.979673644523562457e-05 4.440999999999999659e+01
2.514807746058227850e-02 2.198237204089838366e-03 4.440999999999999659e+01
3.664956085933526037e-02 1.148204175652815752e-03 4.445000000000000284e+01
2.709895482738611597e-02 3.483063895115333744e-04 4.454999999999999716e+01
2.739040113642588967e-02 4.395680136130177343e-03 4.460999999999999943e+01
1.944940416006417372e-02 2.614837355824672146e-06 4.463000000000000256e+01
4.651946197017260004e-02 1.278013933466620343e-03 4.471000000000000085e+01
2.217057812389604601e-02 7.238880941579880085e-06 4.492999999999999972e+01
7.361390202591405751e-02 3.317199079969991408e-03 4.499000000000000199e+01
2.785760435743200522e-02 2.723392625138205785e-03 4.506000000000000227e+01
